chart_plot [168,1469][996,2015]
chart_bar_0 [168,1469][203,2015]
chart_bar_1 [203,1469][237,2015]
chart_bar_2 [237,1469][272,2015]
chart_bar_3 [272,1469][306,2015]
chart_bar_4 [306,1469][341,2015]
chart_bar_5 [341,1469][375,2015]
chart_bar_6 [375,1469][410,2015]
chart_bar_7 [410,1469][444,2015]
chart_bar_8 [444,1469][479,2015]
chart_bar_9 [479,1469][513,2015]
chart_bar_10 [513,1469][548,2015]
chart_bar_11 [548,1469][582,2015]
chart_bar_12 [582,1469][617,2015]
chart_bar_13 [617,1469][651,2015]
chart_bar_14 [651,1469][686,2015]
chart_bar_15 [686,1469][720,2015]
chart_bar_16 [720,1469][755,2015]
chart_bar_17 [755,1469][789,2015]
chart_bar_18 [789,1469][824,2015]
chart_bar_19 [824,1469][858,2015]
chart_bar_20 [858,1469][893,2015]
chart_bar_21 [893,1469][927,2015]
chart_bar_22 [927,1469][962,2015]
chart_bar_23 [962,1469][996,2015]
