plot [168,1469][996,2015] n 30
chart_bar_0 [168,1469][196,2015]
chart_bar_1 [196,1469][223,2015]
chart_bar_2 [223,1469][251,2015]
chart_bar_3 [251,1469][278,2015]
chart_bar_4 [278,1469][306,2015]
chart_bar_5 [306,1469][334,2015]
chart_bar_6 [334,1469][361,2015]
chart_bar_7 [361,1469][389,2015]
chart_bar_8 [389,1469][416,2015]
chart_bar_9 [416,1469][444,2015]
chart_bar_10 [444,1469][472,2015]
chart_bar_11 [472,1469][499,2015]
chart_bar_12 [499,1469][527,2015]
chart_bar_13 [527,1469][554,2015]
chart_bar_14 [554,1469][582,2015]
chart_bar_15 [582,1469][610,2015]
chart_bar_16 [610,1469][637,2015]
chart_bar_17 [637,1469][665,2015]
chart_bar_18 [665,1469][692,2015]
chart_bar_19 [692,1469][720,2015]
chart_bar_20 [720,1469][748,2015]
chart_bar_21 [748,1469][775,2015]
chart_bar_22 [775,1469][803,2015]
chart_bar_23 [803,1469][830,2015]
chart_bar_24 [830,1469][858,2015]
chart_bar_25 [858,1469][886,2015]
chart_bar_26 [886,1469][913,2015]
chart_bar_27 [913,1469][941,2015]
chart_bar_28 [941,1469][968,2015]
chart_bar_29 [968,1469][996,2015]
